word	start_time	end_time	raw_prominence	norm_prominence
johannes	184.290	184.780	4.900	0.866
leste	184.780	185.080	5.446	1.000
ikke	185.080	185.250	1.364	0.000
nyhetene	185.250	185.730	3.444	0.509
i	187.410	187.480	0.608	0.000
forfjor	187.480	188.030	9.543	1.000
leste	188.030	188.340	5.074	0.500
ikke	188.340	188.560	1.276	0.075
johannes	188.560	189.050	4.772	0.466
nyhetene	189.050	189.580	3.772	0.354
jens	191.990	192.390	5.438	0.703
rydda	192.390	192.690	6.725	0.940
opp	192.690	192.740	2.237	0.116
på	192.740	192.890	1.605	0.000
rommet	192.890	193.270	7.053	1.000
i	194.820	194.890	0.686	0.000
forgårs	194.890	195.480	10.385	0.974
jen	195.480	195.730	4.569	0.390
rydda	195.770	196.380	10.643	1.000
jens	196.380	196.650	3.472	0.280
opp	196.650	196.730	1.016	0.033
på	196.730	196.900	1.423	0.074
rommet	196.900	197.250	5.031	0.436
eline	199.300	199.690	10.058	1.000
kjøpte	199.690	199.980	2.768	0.000
seg	199.980	200.110	3.657	0.122
bobil	200.110	200.580	8.996	0.854
i	201.990	202.070	0.491	0.000
forfjor	202.070	202.870	11.692	1.000
kjøpte	202.870	203.160	1.724	0.110
eline	203.160	203.490	4.175	0.329
seg	203.490	203.610	1.400	0.081
bobil	203.610	204.060	4.465	0.355
vi	206.160	206.270	0.811	0.000
bakte	206.270	206.640	4.224	0.469
alltid	206.640	206.970	5.400	0.630
julebrød	206.970	207.560	8.095	1.000
som	209.190	209.450	2.094	0.123
barn	209.450	209.820	7.609	1.000
bakte	209.820	210.130	3.593	0.362
vi	210.130	210.210	1.317	0.000
alltid	210.210	210.560	5.202	0.617
julebrød	210.560	211.040	5.303	0.633
johannes	212.970	213.460	8.016	1.000
spilte	213.460	213.790	3.870	0.296
ikke	213.790	213.980	2.123	0.000
sangene	213.980	214.440	7.226	0.866
i	215.950	216.040	0.891	0.000
forgårs	216.040	216.560	10.688	1.000
spilte	216.560	216.840	3.232	0.239
ikke	216.840	216.950	1.015	0.013
johannes	216.950	217.510	6.591	0.582
sangene	217.510	217.920	5.291	0.449
jens	219.880	220.230	4.866	0.937
følte	220.230	220.580	5.095	1.000
seg	220.580	220.710	1.742	0.075
ikke	220.710	220.850	1.470	0.000
helt	220.850	221.070	2.698	0.339
frisk	221.070	221.650	2.683	0.335
i	222.870	222.960	0.731	0.000
forfjor	222.960	223.510	10.034	0.888
eh	223.510	223.870	9.565	0.843
følte	223.870	224.160	3.469	0.261
ikke	224.160	224.440	3.139	0.230
eh	224.440	224.890	11.207	1.000
johannes	224.890	225.290	4.591	0.368
seg	225.290	225.420	1.858	0.108
helt	225.420	225.580	1.694	0.092
frisk	225.580	226.060	1.931	0.114
jeg	227.830	227.940	1.551	0.000
spilte	227.940	228.320	5.178	0.730
alltid	228.320	228.670	5.347	0.764
ludo	228.670	229.110	6.522	1.000
som	230.970	231.210	2.907	0.186
ung	231.210	231.510	5.293	0.610
spilte	231.510	231.930	5.300	0.612
jeg	231.930	231.990	1.857	0.000
alltid	231.990	232.330	7.274	0.962
ludo	232.330	232.710	7.487	1.000
eline	234.910	235.350	8.350	0.666
solgte	235.350	235.720	5.377	0.350
ikke	235.720	235.900	2.079	0.000
maleriene	235.900	236.540	11.490	1.000
på	237.990	238.090	1.287	0.000
fredag	238.090	238.540	12.103	1.000
solgte	238.540	238.920	6.185	0.453
ikke	238.920	239.100	2.017	0.067
eline	239.100	239.510	8.575	0.674
maleriene	239.510	240.110	9.365	0.747
vi	241.840	241.970	2.349	0.000
spiste	241.970	242.370	4.858	0.407
aldri	242.370	242.700	8.509	1.000
dessert	242.700	243.160	7.866	0.896
som	244.880	245.150	2.451	0.001
barn	245.150	245.430	7.924	1.000
spiste	245.430	245.840	2.444	0.000
vi	245.840	245.930	2.555	0.020
aldri	245.930	246.220	5.785	0.610
dessert	246.220	246.670	6.759	0.787
jens	248.760	249.140	4.230	0.000
leste	249.140	249.520	7.045	0.540
alltid	249.520	249.820	4.624	0.076
avisa	249.820	250.340	9.438	1.000
som	251.810	252.120	2.441	0.000
barn	252.120	252.460	8.541	1.000
leste	252.460	252.770	3.869	0.234
alltid	252.770	253.070	4.774	0.382
jens	253.070	253.380	3.813	0.225
avisa	253.380	253.840	4.838	0.393
siv	256.300	256.710	3.259	0.292
strakk	256.710	257.150	4.841	0.690
ut	257.150	257.440	2.095	0.000
etter	257.440	257.640	2.267	0.043
treninga	257.640	258.190	6.077	1.000
på	259.480	259.590	1.624	0.000
fredag	259.590	260.120	11.007	1.000
strakk	260.120	260.690	4.863	0.345
siv	260.690	261.270	4.216	0.276
etter	261.270	261.560	3.179	0.166
trenninga	261.560	262.130	7.005	0.573
jeg	264.550	264.730	4.685	0.687
kjøpte	264.730	265.030	2.415	0.149
ikke	265.030	265.230	1.786	0.000
bøkene	265.230	265.710	6.005	1.000
på	267.800	267.960	2.219	0.091
fredag	267.960	268.480	12.217	1.000
så	268.480	268.680	2.815	0.145
kjøpte	268.680	269.010	3.466	0.204
jeg	269.010	269.040	1.221	0.000
ikke	269.040	269.190	2.137	0.083
bøkene	269.190	269.650	5.487	0.388
vi	272.160	272.290	1.878	0.051
satte	272.290	272.630	3.777	0.389
oss	272.630	272.820	1.589	0.000
ikke	272.820	273.060	1.676	0.015
bakerst	273.060	273.790	7.211	1.000
i	275.260	275.350	0.860	0.000
forgårs	275.350	275.940	9.737	1.000
satte	275.940	276.300	2.124	0.142
vi	276.300	276.410	1.820	0.108
oss	276.410	276.580	1.613	0.085
ikke	276.580	276.770	1.643	0.088
bakerst	276.770	277.450	6.112	0.592
eline	279.500	279.920	9.359	1.000
forta	279.920	280.260	5.761	0.203
seg	280.260	280.410	4.844	0.000
hjem	280.410	280.740	6.421	0.349
på	282.400	282.710	3.642	0.042
fredag	282.710	283.220	11.711	1.000
forta	283.220	283.610	5.749	0.292
eline	283.610	283.950	6.780	0.415
seg	283.950	284.110	3.286	0.000
hjem	284.110	284.430	4.445	0.138
siv	286.400	286.760	2.621	0.075
betalte	286.760	287.210	6.693	1.000
meg	287.210	287.340	2.293	0.000
hundre	287.340	287.640	3.753	0.332
kroner	287.640	288.040	6.050	0.854
i	289.740	289.830	0.846	0.000
forfjor	289.830	290.510	12.759	1.000
betalte	290.510	290.980	7.506	0.559
siv	290.980	291.310	4.323	0.292
meg	291.310	291.490	3.228	0.200
hundre	291.490	291.730	3.204	0.198
kroner	291.730	292.090	5.110	0.358
jens	294.030	294.350	5.211	0.671
ringte	294.350	294.640	5.671	0.773
ikke	294.640	294.850	2.177	0.000
kundene	294.850	295.370	6.696	1.000
i	297.050	297.120	0.981	0.000
forfjor	297.120	297.640	10.176	1.000
så	297.640	297.750	1.228	0.027
ringte	297.750	298.050	5.139	0.452
ikke	298.050	298.210	1.700	0.078
jens	298.210	298.520	5.420	0.483
kundene	298.520	299.040	5.224	0.461
vi	301.160	301.250	1.427	0.000
skaffa	301.250	301.660	6.909	1.000
oss	301.660	301.780	2.617	0.217
hund	301.780	302.210	2.989	0.285
på	304.140	304.310	1.360	0.000
fredag	304.310	304.820	13.150	1.000
så	304.820	304.960	1.938	0.049
skaffa	304.960	305.330	4.576	0.273
vi	305.330	305.440	3.645	0.194
oss	305.440	305.610	3.247	0.160
hund	305.610	306.000	2.527	0.099
jeg	308.230	308.340	2.608	0.000
ga	308.340	308.590	8.455	1.000
opp	308.590	308.740	2.708	0.017
under	308.740	308.950	3.276	0.114
eksamen	308.950	309.480	7.588	0.852
i	311.330	311.410	0.980	0.000
forfjor	311.410	311.920	7.974	1.000
ga	311.920	312.150	5.632	0.665
jeg	312.150	312.210	1.815	0.120
opp	312.210	312.380	2.519	0.220
under	312.380	312.600	3.076	0.300
eksamen	312.600	313.120	5.055	0.583
jens	315.250	315.610	5.481	0.055
lekte	315.610	315.940	5.232	0.000
aldri	315.940	316.290	9.750	1.000
brannmann	316.290	316.760	8.754	0.780
som	318.380	318.610	2.358	0.000
ung	318.610	318.970	4.559	0.373
lekte	319.060	319.450	4.731	0.402
aldri	319.450	319.760	8.261	1.000
jens	319.760	320.090	3.453	0.185
brannmann	320.090	320.590	7.277	0.833
siv	322.690	323.150	3.923	0.261
leste	323.150	323.400	5.171	0.494
ikke	323.400	323.570	2.518	0.000
nyhetene	323.570	324.090	7.894	1.000
på	325.430	325.610	0.897	0.005
fredag	325.610	326.100	8.615	1.000
så	326.100	326.200	0.860	0.000
leste	326.200	326.500	5.585	0.609
ikke	326.500	326.660	1.040	0.023
siv	326.660	327.150	3.185	0.300
nyhetene	327.150	327.680	4.244	0.436
eline	334.380	334.740	7.660	0.930
rydda	334.740	335.040	8.145	1.000
opp	335.040	335.090	2.365	0.171
på	335.090	335.200	1.176	0.000
rommet	335.200	335.570	7.294	0.878
på	337.610	337.760	2.698	0.123
fredag	337.760	338.260	10.982	1.000
så	338.260	338.400	1.871	0.036
rydda	338.400	338.730	8.523	0.740
eline	338.730	339.030	6.122	0.486
opp	339.030	339.100	1.535	0.000
på	339.100	339.280	2.012	0.050
rommet	339.280	339.620	5.288	0.397
johannes	342.200	342.620	4.424	0.228
bakte	342.620	342.970	3.823	0.000
alltid	342.970	343.360	4.526	0.267
julebrød	343.360	343.850	6.454	1.000
som	345.170	345.450	1.978	0.000
barn	345.450	345.800	8.190	1.000
bakte	345.800	346.140	3.584	0.259
alltid	346.140	346.500	4.279	0.370
johannes	346.500	347.100	5.398	0.551
julebrød	347.100	347.600	5.825	0.619
jens	349.890	350.340	5.273	0.389
spiste	350.340	350.750	3.215	0.000
aldri	350.750	351.100	8.500	1.000
dessert	351.100	351.620	7.552	0.821
i	353.150	353.240	0.829	0.000
fjor	353.240	353.650	6.937	0.649
spiste	353.650	354.110	4.912	0.434
aldri	354.110	354.510	10.247	1.000
jens	354.510	354.940	4.869	0.429
dessert	354.940	355.540	8.895	0.856
siv	357.980	358.420	5.618	0.000
tilbød	358.420	358.890	8.329	1.000
meg	358.890	359.110	6.457	0.309
jobben	359.110	359.490	6.517	0.332
i	360.860	360.960	0.974	0.000
forgårs	360.960	361.720	10.744	1.000
eh	361.810	362.050	7.109	0.628
tilbød	362.050	362.530	4.583	0.369
siv	362.530	362.840	3.382	0.247
meg	362.840	362.970	2.349	0.141
jobben	362.970	363.290	4.654	0.377
vi	365.590	365.700	0.958	0.000
strakk	365.700	366.160	5.053	0.519
ut	366.190	366.560	2.314	0.172
etter	366.560	366.740	2.014	0.134
treninga	366.740	367.350	8.841	1.000
på	368.860	368.950	1.241	0.000
fredag	368.950	369.450	11.947	1.000
strakk	369.450	369.740	3.266	0.189
vi	369.740	369.930	3.217	0.185
ut	369.930	370.120	2.122	0.082
etter	370.120	370.320	2.798	0.145
treninga	370.320	370.800	5.350	0.384
johannes	373.040	373.590	6.577	1.000
vanna	373.590	373.920	6.000	0.882
ikke	373.920	374.100	1.669	0.000
plantene	374.100	374.600	5.430	0.766
på	375.840	376.000	0.807	0.000
fredag	376.000	376.500	12.857	1.000
vanna	376.500	376.840	7.650	0.568
ikke	376.840	377.000	1.407	0.050
johannes	377.000	377.470	6.604	0.481
plantene	377.470	378.030	4.734	0.326
siv	380.090	380.520	6.406	0.378
viste	380.520	380.870	4.414	0.023
meg	380.870	380.990	4.283	0.000
mange	380.990	381.300	7.419	0.559
bilder	381.300	381.740	9.893	1.000
i	383.170	383.220	0.496	0.000
forgårs	383.220	383.870	12.538	1.000
viste	383.870	384.260	3.364	0.238
siv	384.260	384.600	3.988	0.290
meg	384.600	384.780	4.517	0.334
mange	384.780	385.080	4.647	0.345
bilder	385.080	385.450	6.637	0.510
jeg	387.370	387.540	4.090	0.279
lærte	387.540	387.910	9.416	1.000
aldri	387.910	388.250	5.981	0.535
sjakk	388.250	388.450	2.027	0.000
som	390.400	390.610	2.269	0.000
ung	390.610	390.870	2.923	0.138
lærte	390.870	391.180	5.270	0.633
jeg	391.180	391.250	2.372	0.022
aldri	391.250	391.590	7.012	1.000
sjakk	391.590	392.090	2.412	0.030
johannes	394.500	394.950	7.698	1.000
strakk	394.950	395.300	4.641	0.454
ut	395.300	395.560	2.103	0.000
etter	395.560	395.750	2.372	0.048
treninga	395.750	396.280	6.859	0.850
i	397.520	397.610	0.758	0.000
forgårs	397.610	398.340	12.558	1.000
strakk	398.340	398.760	3.724	0.251
johannes	398.760	399.240	5.622	0.412
ut	399.240	399.480	2.271	0.128
etter	399.480	399.670	2.740	0.168
treninga	399.670	400.150	7.996	0.613
eline	402.490	402.880	8.922	0.783
forventa	402.880	403.310	6.993	0.555
seg	403.310	403.470	3.517	0.142
ikke	403.470	403.650	2.318	0.000
lønnsøkning	403.650	404.440	10.748	1.000
på	405.380	405.500	2.035	0.000
fredag	405.500	405.950	12.283	1.000
forventa	405.950	406.350	5.756	0.363
ikke	406.350	406.490	2.186	0.015
eline	406.490	406.930	9.104	0.690
seg	406.930	407.100	3.620	0.155
en	407.100	407.210	2.512	0.047
lønnsøkning	407.210	407.960	8.502	0.631
vi	410.210	410.350	2.161	0.021
spiste	410.350	410.680	2.655	0.059
ikke	410.680	410.850	1.890	0.000
blåbærene	410.850	411.470	14.914	1.000
i	413.460	413.530	1.066	0.000
forgårs	413.530	414.030	10.601	1.000
spiste	414.030	414.320	2.731	0.175
vi	414.320	414.390	1.261	0.020
ikke	414.390	414.580	2.604	0.161
blåbærene	414.580	415.140	8.786	0.810
jeg	417.310	417.450	3.273	0.221
gikk	417.450	417.630	2.508	0.014
ut	417.630	417.860	2.457	0.000
etter	417.860	418.050	2.708	0.068
jobb	418.050	418.280	6.151	1.000
i	420.210	420.320	0.880	0.000
forgårs	420.320	420.830	9.368	1.000
gikk	420.830	421.040	2.482	0.189
jeg	421.040	421.110	2.087	0.142
ut	421.110	421.370	3.356	0.292
etter	421.370	421.560	2.476	0.188
jobb	421.560	421.730	4.763	0.458
siv	423.800	424.160	3.890	0.491
slo	424.160	424.400	3.082	0.344
opp	424.400	424.510	1.921	0.132
med	424.510	424.620	1.196	0.000
kjæresten	424.620	425.160	6.682	1.000
i	426.930	427.040	1.054	0.001
forgårs	427.040	427.970	10.929	1.000
slo	427.970	428.220	3.292	0.227
siv	428.220	428.680	4.006	0.300
opp	428.680	428.890	2.546	0.152
med	428.890	429.010	1.044	0.000
kjæresten	429.010	429.500	5.906	0.492
johannes	431.490	431.960	7.414	1.000
lærte	431.960	432.270	6.622	0.835
aldri	432.270	432.550	6.291	0.766
sjakk	432.550	432.780	2.613	0.000
som	434.410	434.680	2.330	0.030
ung	434.680	435.060	4.596	0.315
lærte	435.060	435.570	10.038	1.000
johannes	435.570	436.050	6.033	0.496
aldri	436.050	436.380	5.319	0.406
sjakk	436.380	436.550	2.091	0.000
jens	439.210	439.670	5.311	0.341
solgte	439.670	440.140	5.177	0.326
ikke	440.140	440.400	2.188	0.000
maleriene	440.400	441.020	11.345	1.000
i	442.620	442.690	0.811	0.000
forgårs	442.690	443.290	11.303	1.000
solgte	443.290	443.660	3.855	0.290
ikke	443.660	443.850	1.895	0.103
jens	443.850	444.160	3.543	0.260
maleriene	444.160	444.770	7.091	0.598
siv	446.750	447.160	3.120	0.000
bakte	447.160	447.510	4.971	0.537
alltid	447.510	447.960	5.124	0.581
julebrød	447.960	448.460	6.568	1.000
som	449.810	450.020	1.920	0.000
ung	450.020	450.250	3.730	0.345
bakte	450.250	450.660	6.212	0.817
alltid	450.660	451.030	6.591	0.890
siv	451.030	451.470	4.839	0.556
julebrød	451.470	451.960	7.171	1.000
johannes	454.490	454.980	7.232	1.000
betalte	454.980	455.420	7.013	0.958
meg	455.420	455.580	2.027	0.001
hundre	455.580	455.800	2.181	0.030
kroner	455.900	456.050	2.023	0.000
i	457.420	457.500	0.806	0.000
forfjor	457.500	458.150	14.077	1.000
betalte	458.150	458.660	6.202	0.407
johannes	458.660	459.040	5.251	0.335
meg	459.040	459.210	1.910	0.083
hundre	459.210	459.500	3.008	0.166
kroner	459.500	459.930	4.399	0.271
eline	462.520	462.870	8.199	0.611
lekte	462.870	463.230	6.453	0.000
aldri	463.230	463.530	9.309	1.000
brannmann	463.530	464.110	7.477	0.359
som	465.650	465.900	1.841	0.000
barn	465.900	466.210	7.726	1.000
lekte	466.210	466.560	3.980	0.363
aldri	466.560	466.880	7.272	0.923
eline	466.880	467.260	6.579	0.805
brannmann	467.260	467.820	7.527	0.966
vi	469.890	470.070	3.538	0.534
rydda	470.070	470.380	5.844	1.000
opp	470.380	470.420	0.895	0.000
på	470.420	470.600	2.855	0.396
rommet	470.600	470.950	5.205	0.871
på	472.720	472.840	1.810	0.074
fredag	472.840	473.290	10.133	1.000
så	473.290	473.450	3.187	0.228
rydda	473.450	473.710	7.407	0.697
vi	473.710	473.810	2.177	0.115
opp	473.810	473.890	1.651	0.057
på	473.890	474.040	1.140	0.000
rommet	474.040	474.390	6.031	0.544
johannes	476.380	477.060	10.085	1.000
satte	477.060	477.360	3.505	0.150
seg	477.360	477.610	6.182	0.496
ikke	477.610	477.780	2.347	0.000
bakerst	477.780	478.420	8.163	0.752
i	479.630	479.720	0.948	0.000
forgårs	479.720	480.280	11.091	1.000
satte	480.280	480.620	2.590	0.162
ikke	480.620	480.780	1.721	0.076
johannes	480.780	481.170	6.887	0.586
seg	481.170	481.280	1.865	0.090
bakerst	481.280	481.970	7.405	0.637
eline	484.080	484.420	8.389	1.000
holdt	484.420	484.720	5.666	0.505
ut	484.720	484.930	2.887	0.000
hele	484.930	485.260	7.841	0.900
kampen	485.260	485.730	5.272	0.433
på	487.220	487.320	0.917	0.000
fredag	487.320	487.790	9.851	1.000
holdt	487.790	488.130	4.004	0.346
eline	488.130	488.470	5.823	0.549
ut	488.470	488.680	2.723	0.202
hele	488.680	488.940	3.965	0.341
kampen	488.940	489.400	4.058	0.352
vi	491.580	491.720	1.040	0.000
kjørte	491.720	492.030	4.851	0.538
aldri	492.030	492.360	7.337	0.890
slalåm	492.360	492.830	8.118	1.000
i	494.540	494.630	1.152	0.000
fjor	494.630	494.960	4.623	0.354
kjørte	494.960	495.290	5.220	0.415
vi	495.290	495.360	1.862	0.072
aldri	495.360	495.800	10.950	1.000
slalåm	495.800	496.190	7.864	0.685
jeg	498.620	498.760	2.605	0.154
slo	498.760	498.990	4.531	0.504
opp	498.990	499.100	1.757	0.000
med	499.100	499.230	1.824	0.012
kjæresten	499.230	499.760	7.264	1.000
i	501.560	501.670	1.095	0.000
forfjor	501.670	502.160	9.171	1.000
så	502.160	502.280	1.299	0.025
slo	502.280	502.700	6.270	0.641
jeg	502.700	502.780	3.030	0.240
opp	502.780	502.920	2.002	0.112
med	502.920	503.020	1.277	0.023
kjæresten	503.020	503.530	5.402	0.533
eline	505.980	506.340	6.872	0.963
lærte	506.340	506.650	7.036	1.000
seg	506.650	506.770	2.682	0.000
engelsk	506.770	507.430	3.571	0.204
i	508.830	508.920	0.678	0.000
forgårs	508.920	509.500	10.083	1.000
lærte	509.500	509.820	6.229	0.590
eline	509.820	510.160	5.274	0.489
seg	510.160	510.300	1.897	0.130
engelsk	510.300	510.910	2.780	0.223
siv	512.890	513.340	2.380	0.043
forventa	513.340	513.770	6.945	0.584
seg	513.770	513.900	2.018	0.000
ikke	513.900	514.060	2.438	0.050
lønnsøkning	514.060	514.990	10.456	1.000
i	516.060	516.140	0.587	0.000
forfjor	516.140	516.900	15.480	1.000
forventa	517.100	517.520	5.158	0.307
ikke	517.520	517.690	2.038	0.097
siv	517.690	517.990	3.222	0.177
seg	517.990	518.150	1.411	0.055
lønnsøkning	518.150	518.940	10.424	0.661
vi	524.990	525.150	3.099	0.245
ringte	525.150	525.480	4.947	0.907
ikke	525.480	525.700	2.414	0.000
kundene	525.700	526.210	5.208	1.000
på	528.130	528.240	1.296	0.000
fredag	528.240	528.670	11.781	1.000
så	528.670	528.810	2.483	0.113
ringte	528.810	529.080	3.048	0.167
vi	529.080	529.170	1.348	0.005
ikke	529.170	529.350	1.350	0.005
kundene	529.350	529.870	5.461	0.397
jens	532.150	532.470	6.077	1.000
mista	532.470	532.730	3.470	0.000
alltid	533.140	533.530	8.803	1.000
bussen	533.530	534.000	4.140	0.000
i	535.230	535.320	1.204	0.000
fjor	535.320	535.650	6.469	0.871
mista	535.650	536.010	5.393	0.693
alltid	536.010	536.340	7.247	1.000
jens	536.340	536.640	4.174	0.492
bussen	536.640	537.070	2.511	0.216
jeg	538.910	539.040	2.630	0.123
følte	539.040	539.340	4.846	1.000
meg	539.340	539.450	2.320	0.000
ikke	539.450	539.600	2.593	0.108
helt	539.600	539.830	4.211	0.749
frisk	539.830	540.180	3.946	0.644
i	541.860	541.940	0.563	0.000
forgårs	541.940	542.480	12.454	1.000
følte	542.480	542.730	4.024	0.291
jeg	542.730	542.800	2.498	0.163
meg	542.800	542.940	4.234	0.309
ikke	542.940	543.100	2.497	0.163
helt	543.100	543.340	4.417	0.324
frisk	543.340	543.910	3.833	0.275
johannes	545.840	546.350	7.899	0.854
tilbød	546.350	546.820	8.594	1.000
meg	546.820	547.010	3.849	0.000
jobben	547.010	547.390	7.034	0.671
i	548.780	548.860	0.431	0.000
forgårs	548.860	549.520	10.674	0.885
tilbød	549.520	550.230	12.002	1.000
johannes	550.230	550.630	6.138	0.493
meg	550.630	550.820	2.146	0.148
jobben	550.820	551.220	4.490	0.351
jens	553.170	553.520	5.127	0.578
bakte	553.520	553.820	3.337	0.224
ikke	553.820	554.020	2.203	0.000
kakene	554.020	554.580	7.261	1.000
på	556.300	556.450	0.860	0.000
fredag	556.450	556.920	10.199	1.000
bakte	556.920	557.220	3.653	0.299
ikke	557.220	557.360	1.168	0.033
jens	557.360	557.650	3.539	0.287
kakene	557.650	558.120	4.366	0.375
siv	559.910	560.290	3.074	0.000
spilte	560.290	560.630	4.674	0.340
alltid	560.630	560.900	5.689	0.555
ludo	560.900	561.380	7.783	1.000
som	563.010	563.260	2.850	0.000
barn	563.260	563.500	6.176	1.000
spilte	563.500	563.870	3.586	0.221
alltid	563.870	564.140	5.474	0.789
siv	564.140	564.580	5.056	0.663
ludo	564.580	565.000	5.334	0.747
johannes	566.800	567.470	8.063	1.000
slo	567.470	567.670	4.145	0.400
opp	567.670	567.800	3.383	0.284
med	567.800	567.920	1.529	0.000
kjæresten	567.920	568.400	6.987	0.835
på	569.880	570.020	1.149	0.016
fredag	570.020	570.400	9.394	1.000
slo	570.400	570.690	4.528	0.419
johannes	570.690	571.110	7.546	0.779
opp	571.110	571.280	1.357	0.041
med	571.280	571.390	1.016	0.000
kjæresten	571.390	571.850	4.297	0.392
jens	573.700	574.110	5.788	0.501
kjøpte	574.110	574.440	2.642	0.033
ikke	574.440	574.610	2.423	0.000
bøkene	574.610	575.090	9.145	1.000
i	576.780	576.860	1.406	0.099
forfjor	576.860	577.360	9.506	1.000
kjøpte	577.360	577.640	2.176	0.185
ikke	577.640	577.730	0.513	0.000
jens	577.730	578.090	4.359	0.428
bøkene	578.090	578.580	5.035	0.503
siv	580.720	581.130	2.714	0.000
lærte	581.130	581.410	5.842	0.900
aldri	581.410	581.730	6.188	1.000
sjakk	581.730	582.210	2.731	0.005
som	583.520	583.840	2.878	0.121
barn	583.840	584.190	9.539	1.000
lærte	584.190	584.460	4.719	0.364
siv	584.460	584.900	2.948	0.130
aldri	584.930	585.240	5.677	0.490
sjakk	585.240	585.440	1.961	0.000
jeg	587.810	587.930	3.382	0.210
kjøpte	587.930	588.200	2.120	0.000
meg	588.200	588.330	2.507	0.064
bobil	588.330	588.760	8.129	1.000
i	590.780	590.850	0.778	0.000
forgårs	590.850	591.570	10.431	1.000
kjøpte	591.570	591.850	2.568	0.185
jeg	591.850	591.880	1.343	0.059
meg	591.880	592.030	3.045	0.235
bobil	592.030	592.520	6.545	0.597
vi	594.850	595.040	2.761	0.066
forventa	595.040	595.510	8.093	0.626
oss	595.510	595.620	2.135	0.000
ikke	595.620	595.830	2.841	0.074
lønnsøkning	595.830	596.610	11.645	1.000
på	598.010	598.140	1.908	0.000
fredag	598.140	598.590	12.071	1.000
så	598.590	598.750	2.712	0.079
forventa	598.750	599.260	6.939	0.495
vi	599.260	599.400	3.922	0.198
oss	599.400	599.540	2.261	0.035
ikke	599.540	599.750	2.344	0.043
en	599.750	599.860	1.976	0.007
lønnsøkning	599.860	600.630	10.137	0.810
eline	602.480	602.860	9.530	1.000
ringte	602.860	603.160	3.464	0.202
ikke	603.160	603.380	1.924	0.000
kundene	603.380	603.890	4.667	0.361
i	605.600	605.690	0.927	0.000
forgårs	605.690	606.330	11.788	1.000
ringte	606.330	606.650	3.124	0.202
ikke	606.650	606.840	1.334	0.038
eline	606.840	607.200	5.553	0.426
kundene	607.200	607.740	3.799	0.264
jens	609.740	610.180	5.853	0.656
forta	610.180	610.560	5.572	0.510
seg	610.560	610.720	4.598	0.000
hjem	610.720	611.070	6.511	1.000
i	612.720	612.830	1.122	0.000
forfjor	612.830	613.520	15.629	1.000
forta	613.600	614.140	8.363	0.499
jens	614.140	614.500	6.547	0.374
seg	614.500	614.670	3.832	0.187
hjem	614.670	614.990	4.610	0.240
jeg	616.890	617.020	2.588	0.000
snudde	617.020	617.410	6.669	0.907
meg	617.410	617.680	7.090	1.000
ikke	617.680	617.900	2.761	0.038
mot	617.900	618.220	4.957	0.526
publikum	618.220	618.760	7.021	0.985
i	619.990	620.070	1.043	0.000
forfjor	620.070	620.720	14.372	1.000
så	620.720	620.930	2.193	0.086
snudde	620.930	621.340	3.637	0.195
jeg	621.340	621.550	6.093	0.379
ikke	621.550	621.770	1.952	0.068
meg	621.770	622.130	4.068	0.227
mot	622.130	622.520	3.480	0.183
publikum	622.520	623.110	5.202	0.312
siv	625.030	625.530	4.526	0.840
drakk	625.530	625.720	3.464	0.471
opp	625.790	625.960	2.107	0.000
all	625.960	626.160	4.986	1.000
saften	626.160	626.630	4.102	0.693
på	628.250	628.370	1.590	0.000
fredag	628.370	628.820	12.225	1.000
drakk	628.820	629.080	4.610	0.284
siv	629.080	629.500	4.040	0.230
opp	629.500	629.710	2.442	0.080
all	629.710	629.930	5.382	0.357
saften	629.930	630.410	3.150	0.147
johannes	632.620	633.100	6.669	0.368
spiste	633.100	633.400	1.721	0.000
ikke	633.400	633.600	2.581	0.064
blåbærene	633.600	634.270	15.177	1.000
i	635.600	635.700	1.019	0.000
foreba	635.700	636.100	8.277	0.899
i	636.270	636.380	1.051	0.004
forfjor	636.380	636.890	8.117	0.879
spiste	636.890	637.250	2.119	0.136
ikke	637.250	637.580	3.386	0.293
siv	637.610	638.180	3.283	0.280
opp	638.180	638.390	2.775	0.217
blåbærne	638.650	639.250	9.092	1.000
vi	703.010	703.130	1.356	0.000
holdt	703.130	703.390	5.117	0.630
ut	703.390	703.500	1.740	0.064
hele	703.500	703.750	7.325	1.000
kampen	703.750	704.190	5.802	0.745
i	706.300	706.360	0.633	0.000
forgårs	706.360	706.880	10.143	1.000
holdt	706.880	707.160	3.609	0.313
vi	707.160	707.290	1.642	0.106
ut	707.290	707.450	2.951	0.244
hele	707.450	707.740	5.750	0.538
kampen	707.740	708.230	3.522	0.304
jeg	710.380	710.550	2.831	0.016
lærte	710.550	710.850	7.593	1.000
meg	710.850	710.980	2.752	0.000
engelsk	710.980	711.460	4.010	0.260
på	713.510	713.620	1.031	0.000
fredag	713.620	714.090	9.529	1.000
lærte	714.090	714.390	6.116	0.598
jeg	714.390	714.450	1.425	0.046
meg	714.450	714.610	2.263	0.145
engelsk	714.610	715.070	2.998	0.231
siv	717.250	717.650	4.594	0.167
spiste	717.650	717.960	2.874	0.000
ikke	717.960	718.140	3.156	0.027
blåbærene	718.140	718.700	13.174	1.000
på	720.300	720.410	1.452	0.000
fredag	720.410	720.880	8.300	1.000
spiste	720.880	721.200	2.967	0.221
ikke	721.200	721.400	2.090	0.093
siv	721.400	721.800	4.403	0.431
blåbærene	721.800	722.410	7.250	0.847
vi	724.390	724.510	2.279	0.000
dukka	724.510	724.820	6.505	1.000
opp	724.820	724.890	2.986	0.167
på	724.890	725.040	2.692	0.098
festen	725.040	725.540	4.988	0.641
i	727.410	727.510	0.880	0.000
forfjor	727.510	728.110	12.508	1.000
dukka	728.110	728.390	5.002	0.355
vi	728.390	728.490	2.948	0.178
opp	728.490	728.580	3.017	0.184
på	728.580	728.730	1.475	0.051
festen	728.730	729.210	2.102	0.105
eline	731.630	732.020	9.986	1.000
snudde	732.020	732.330	4.091	0.287
seg	732.330	732.460	2.685	0.117
ikke	732.460	732.590	1.719	0.000
mot	732.590	732.790	2.895	0.142
publikum	732.790	733.360	5.501	0.458
i	734.510	734.600	1.043	0.000
forfjor	734.600	735.370	15.567	1.000
snudde	735.590	735.920	2.291	0.086
ikke	735.920	736.100	1.635	0.041
eline	736.100	736.410	4.573	0.243
seg	736.410	736.550	1.531	0.034
mot	736.550	736.740	1.618	0.040
publikum	736.740	737.250	3.744	0.186
johannes	739.270	739.850	6.549	1.000
skjenka	739.850	740.260	3.882	0.377
meg	740.260	740.390	2.270	0.000
to	740.390	740.600	2.885	0.144
glass	740.600	741.110	4.723	0.573
på	742.370	742.490	1.752	0.000
fredag	742.490	742.970	11.404	1.000
skjenka	742.970	743.340	4.745	0.310
johannes	743.340	743.760	6.550	0.497
meg	743.760	743.930	1.876	0.013
to	743.990	744.200	2.601	0.088
glass	744.200	744.560	3.054	0.135
vi	746.350	746.480	1.857	0.000
solgte	746.480	746.830	5.996	0.370
ikke	746.830	747.010	2.888	0.092
maleriene	747.010	747.620	13.031	1.000
i	749.440	749.540	0.932	0.000
forfjor	749.540	750.120	11.881	1.000
solgte	750.120	750.450	5.067	0.378
vi	750.450	750.550	1.456	0.048
ikke	750.550	751.110	6.655	0.523
maleriene	751.140	751.710	5.971	0.460
jens	753.810	754.140	5.626	1.000
skaffa	754.140	754.490	2.982	0.064
seg	754.490	754.630	2.803	0.000
hund	754.630	754.980	2.957	0.055
på	756.880	756.980	1.043	0.000
fredag	756.980	757.360	8.288	1.000
skaffa	757.360	757.740	4.855	0.526
jens	757.740	758.090	4.392	0.462
seg	758.090	758.210	1.605	0.078
hund	758.210	758.600	2.082	0.143
eline	761.080	761.470	6.932	0.538
leste	761.470	761.860	8.838	1.000
alltid	761.860	762.140	4.716	0.000
avisa	762.140	762.600	6.090	0.333
i	764.150	764.250	0.752	0.000
fjor	764.250	764.670	6.914	0.787
leste	764.670	765.010	4.701	0.504
alltid	765.010	765.680	8.586	1.000
eline	765.680	766.180	6.925	0.788
avisa	766.180	766.700	3.737	0.381
johannes	769.300	769.780	8.946	1.000
viste	769.780	770.110	4.081	0.124
meg	770.110	770.230	3.390	0.000
mange	770.230	770.530	6.326	0.528
bilder	770.530	770.880	8.200	0.866
på	772.420	772.510	0.846	0.000
fredag	772.510	772.970	10.423	1.000
viste	772.970	773.370	4.080	0.338
johannes	773.370	773.790	5.570	0.493
meg	773.790	774.050	3.744	0.303
mange	774.050	774.390	4.061	0.336
bilder	774.390	774.740	4.861	0.419
jeg	777.130	777.300	4.403	0.660
drakk	777.300	777.560	5.581	1.000
opp	777.560	777.700	2.118	0.000
all	777.700	777.890	5.192	0.888
saften	777.890	778.340	3.274	0.334
på	780.250	780.400	1.694	0.000
fredag	780.400	780.890	13.301	1.000
drakk	780.890	781.170	4.892	0.276
jeg	781.170	781.270	3.034	0.115
opp	781.270	781.420	2.655	0.083
all	781.420	781.590	5.215	0.303
saften	781.590	782.040	3.307	0.139
siv	784.510	784.900	3.212	0.000
kjørte	784.900	785.280	6.473	0.596
aldri	785.280	785.620	8.269	0.924
slalåm	785.620	786.030	8.687	1.000
i	787.380	787.480	0.746	0.000
fjor	787.480	787.850	4.656	0.621
kjørte	787.850	788.280	6.335	0.888
siv	788.280	788.670	3.814	0.488
aldri	788.700	789.030	6.110	0.852
slalåm	789.030	789.530	7.038	1.000
johannes	791.330	791.780	8.781	1.000
følte	791.780	792.060	4.842	0.450
seg	792.060	792.160	2.313	0.096
ikke	792.160	792.300	1.623	0.000
helt	792.300	792.550	4.387	0.386
frisk	792.550	793.070	3.159	0.215
på	794.500	794.610	1.141	0.018
fredag	794.610	795.060	10.224	1.000
følte	795.110	795.390	3.483	0.271
ikke	795.390	795.520	0.977	0.000
johannes	795.520	795.890	5.757	0.517
seg	795.890	796.020	1.676	0.076
helt	796.020	796.250	3.202	0.241
frisk	796.250	796.840	2.868	0.204
jens	798.550	798.920	5.150	1.000
dukka	798.920	799.230	4.882	0.928
opp	799.230	799.270	1.445	0.000
på	799.270	799.420	2.108	0.179
festen	799.420	799.850	3.392	0.526
i	801.730	801.820	1.030	0.000
forgårs	801.820	802.380	9.827	1.000
dukka	802.380	802.650	3.709	0.305
jens	802.650	802.950	6.073	0.573
opp	802.950	803.060	1.284	0.029
på	803.060	803.230	1.375	0.039
festen	803.230	803.700	2.287	0.143
eline	805.710	806.060	7.732	1.000
mista	806.060	806.360	4.501	0.097
alltid	806.360	806.620	4.955	0.224
bussen	806.620	807.080	4.152	0.000
som	808.700	808.960	2.626	0.166
barn	808.960	809.250	7.289	1.000
mista	809.250	809.570	3.171	0.263
alltid	809.570	809.980	5.077	0.604
eline	809.980	810.400	5.389	0.660
bussen	810.400	810.840	1.698	0.000
vi	812.700	812.850	1.934	0.000
forta	812.850	813.250	8.474	1.000
oss	813.250	813.370	2.584	0.099
hjem	813.370	813.730	5.363	0.524
i	815.640	815.750	1.279	0.000
forfjor	815.750	816.300	10.111	1.000
forta	816.300	816.660	3.877	0.294
vi	816.660	816.770	3.801	0.286
oss	816.770	816.960	3.169	0.214
hjem	816.960	817.310	4.886	0.408
jeg	820.280	820.430	2.849	0.107
vanna	820.430	820.720	8.053	1.000
ikke	820.720	820.910	2.228	0.000
plantene	820.910	821.430	5.114	0.495
i	823.450	823.530	0.764	0.000
forfjor	823.530	824.050	9.159	1.000
vanna	824.050	824.390	6.243	0.653
jeg	824.390	824.510	1.999	0.147
ikke	824.510	824.690	1.147	0.046
plantene	824.690	825.190	3.497	0.325
jens	827.840	828.230	5.480	0.539
ga	828.230	828.510	7.414	0.846
opp	828.510	828.690	2.073	0.000
under	828.690	828.810	2.301	0.036
eksamen	828.810	829.360	8.388	1.000
i	830.620	830.710	1.055	0.000
forgårs	830.710	831.460	12.342	1.000
ga	831.460	831.840	8.166	0.630
jens	831.840	832.190	5.452	0.390
opp	832.190	832.450	2.208	0.102
under	832.450	832.680	2.739	0.149
eksamen	832.680	833.180	3.958	0.257
eline	835.290	835.650	8.307	1.000
spiste	835.650	836.070	4.239	0.000
aldri	836.070	836.400	7.142	0.714
dessert	836.400	836.840	7.040	0.689
som	838.210	838.400	2.963	0.053
ung	838.400	838.630	3.820	0.165
spiste	838.630	839.020	2.556	0.000
aldri	839.020	839.420	10.212	1.000
eline	839.420	839.870	7.633	0.663
dessert	839.870	840.340	5.841	0.429
jeg	842.150	842.310	4.452	0.451
leste	842.310	842.620	7.055	1.000
ikke	842.620	842.800	2.311	0.000
nyhetene	842.800	843.340	5.396	0.650
i	845.260	845.330	0.859	0.000
forgårs	845.330	845.990	12.448	1.000
leste	845.990	846.300	5.204	0.375
jeg	846.300	846.370	1.987	0.097
ikke	846.370	846.530	2.204	0.116
nyhetene	846.530	847.080	6.429	0.481
siv	849.070	849.510	4.042	0.479
skjenka	849.510	849.880	4.127	0.512
meg	849.880	850.010	2.813	0.000
to	850.010	850.280	2.864	0.020
glass	850.280	850.850	5.378	1.000
på	852.060	852.170	1.590	0.000
fredag	852.170	852.810	12.026	1.000
skjenka	852.810	853.150	3.969	0.228
siv	853.150	853.560	4.293	0.259
meg	853.560	853.700	2.521	0.089
to	853.770	853.970	2.933	0.129
glass	853.970	854.480	3.853	0.217
jens	856.490	856.910	4.749	0.243
kjøpte	856.910	857.240	3.226	0.056
seg	857.240	857.370	2.776	0.000
bobil	857.370	857.880	10.882	1.000
på	859.580	859.740	1.105	0.000
fredag	859.740	860.320	10.484	1.000
kjøpte	860.320	860.690	2.628	0.162
jens	860.690	861.020	4.374	0.349
seg	861.020	861.130	1.645	0.058
bobil	861.130	861.660	6.630	0.589
johannes	863.370	863.820	8.479	1.000
drakk	863.820	864.080	3.719	0.251
opp	864.080	864.210	2.126	0.000
all	864.210	864.380	4.682	0.402
saften	864.380	864.860	3.289	0.183
i	866.470	866.580	1.633	0.000
forgårs	866.580	867.140	11.500	1.000
drakk	867.140	867.420	4.274	0.268
johannes	867.420	867.820	4.982	0.339
opp	867.820	868.020	2.218	0.059
all	868.130	868.320	3.993	0.239
saften	868.320	868.800	2.821	0.120
siv	870.410	870.900	6.422	0.646
spilte	870.900	871.250	4.457	0.323
ikke	871.250	871.440	2.492	0.000
sangene	871.440	871.910	8.578	1.000
i	873.550	873.620	0.751	0.000
forfjor	873.620	874.170	9.413	1.000
spilte	874.170	874.550	3.402	0.306
ikke	874.550	874.740	2.215	0.169
siv	874.740	875.110	4.352	0.416
sangene	875.110	875.580	5.642	0.565
vi	877.150	877.300	2.058	0.000
mista	877.300	877.670	5.752	1.000
alltid	877.670	877.970	4.650	0.702
bussen	877.970	878.420	4.559	0.677
i	880.180	880.310	1.390	0.000
fjor	880.310	880.620	6.614	0.791
mista	880.620	880.940	4.674	0.497
vi	880.940	881.070	4.788	0.514
alltid	881.070	881.430	7.998	1.000
bussen	881.430	881.870	4.727	0.505
johannes	883.930	884.550	7.225	0.925
kjørte	884.550	884.900	4.419	0.000
aldri	884.900	885.200	6.647	0.734
slalåm	885.200	885.620	7.453	1.000
i	887.290	887.380	1.149	0.000
fjor	887.380	887.660	4.932	0.512
kjørte	887.660	888.060	6.337	0.702
johannes	888.060	888.550	6.977	0.789
aldri	888.550	888.860	4.346	0.433
slalåm	888.860	889.310	8.534	1.000
siv	891.060	891.510	3.324	0.479
vanna	891.510	891.890	5.914	1.000
ikke	891.920	892.060	0.939	0.000
plantene	892.060	892.570	3.919	0.599
i	893.940	894.030	1.191	0.000
forgårs	894.030	894.550	10.770	1.000
vanna	894.550	894.850	5.395	0.439
ikke	894.850	895.010	1.512	0.034
siv	895.010	895.360	4.996	0.397
plantene	895.390	895.890	4.645	0.361
jens	897.840	898.200	4.050	0.409
holdt	898.200	898.490	4.078	0.416
ut	898.490	898.650	2.528	0.000
hele	898.650	898.930	6.252	1.000
kampen	898.930	899.430	5.444	0.783
på	900.960	901.090	0.970	0.000
fredag	901.090	901.520	9.830	1.000
holdt	901.520	901.820	4.341	0.380
jens	901.820	902.170	3.379	0.272
ut	902.170	902.390	2.643	0.189
hele	902.390	902.710	4.954	0.450
kampen	902.710	903.130	3.420	0.277
eline	904.950	905.320	9.869	1.000
dukka	905.320	905.620	6.214	0.548
opp	905.620	905.680	2.237	0.057
på	905.680	905.810	1.774	0.000
festen	905.810	906.260	3.291	0.187
på	907.920	908.500	12.898	0.723
fredag	908.580	909.330	17.349	1.000
dukka	909.580	909.710	1.388	0.006
eline	909.710	909.930	3.689	0.150
opp	909.930	910.010	1.333	0.003
på	910.010	910.180	1.288	0.000
festen	910.180	910.580	1.763	0.030
johannes	912.880	913.310	8.431	0.976
spilte	913.310	913.660	5.237	0.000
alltid	913.660	914.000	7.473	0.683
ludo	914.000	914.390	8.509	1.000
som	916.040	916.190	1.373	0.000
ung	916.350	916.500	2.885	0.285
spilte	916.500	916.920	4.809	0.647
alltid	916.920	917.280	6.682	1.000
johannes	917.280	917.770	5.823	0.838
ludo	917.770	918.160	4.669	0.621
vi	919.680	919.820	2.164	0.041
spilte	919.820	920.180	4.700	0.725
ikke	920.180	920.360	2.010	0.000
sangene	920.360	920.800	5.720	1.000
på	922.650	922.710	0.523	0.000
fredag	922.710	923.100	9.281	1.000
spilte	923.100	923.420	4.378	0.440
vi	923.420	923.490	0.685	0.018
ikke	923.490	923.670	2.354	0.209
sangene	923.670	924.120	5.116	0.524
eline	926.580	926.940	9.342	1.000
skaffa	926.940	927.280	4.006	0.123
seg	927.280	927.450	3.780	0.086
hund	927.450	927.840	3.258	0.000
i	929.710	929.810	1.032	0.000
forgårs	929.810	930.350	10.820	1.000
skaffa	930.350	930.760	4.778	0.383
eline	930.760	931.110	6.876	0.597
seg	931.110	931.250	1.705	0.069
hund	931.250	931.600	2.495	0.149
jens	933.340	933.830	5.663	0.533
satte	933.830	934.140	3.304	0.205
seg	934.140	934.250	1.825	0.000
ikke	934.250	934.390	2.146	0.044
bakerst	934.390	935.050	9.031	1.000
på	936.530	936.680	1.642	0.000
fredag	936.680	937.190	11.655	1.000
satte	937.190	937.490	2.436	0.080
ikke	937.490	937.760	3.229	0.159
jens	937.760	938.060	5.110	0.347
seg	938.060	938.170	1.638	0.000
bakerst	938.170	938.840	5.613	0.397
jeg	940.400	940.700	7.611	1.000
bakte	940.700	940.980	3.324	0.202
ikke	940.980	941.200	2.237	0.000
kakene	941.200	941.740	5.956	0.692
i	943.610	943.710	1.184	0.000
forgårs	943.710	944.320	12.842	1.000
bakte	944.320	944.650	4.251	0.263
jeg	944.650	944.690	1.637	0.039
ikke	944.690	944.850	1.691	0.044
kakene	944.850	945.390	7.187	0.515
eline	947.270	947.640	8.972	1.000
ga	947.640	947.870	7.400	0.790
opp	947.870	948.010	1.469	0.000
under	948.010	948.200	2.997	0.204
eksamen	948.200	948.770	6.415	0.659
på	950.510	950.620	1.478	0.000
fredag	950.620	951.030	9.230	0.986
ga	951.030	951.370	9.343	1.000
eline	951.370	951.660	7.167	0.723
opp	951.660	951.880	2.546	0.136
under	951.880	952.060	3.462	0.252
eksamen	952.060	952.590	7.392	0.752
siv	954.690	955.110	5.729	0.757
gikk	955.110	955.310	3.090	0.106
ut	955.310	955.590	4.140	0.365
etter	955.590	955.760	2.661	0.000
jobb	955.760	956.060	6.712	1.000
på	957.690	957.830	1.135	0.000
fredag	957.830	958.200	8.816	1.000
gikk	958.200	958.530	5.129	0.520
siv	958.530	958.930	3.344	0.288
ut	958.930	959.210	2.312	0.153
etter	959.210	959.410	2.020	0.115
jobb	959.410	959.600	3.933	0.364
jeg	961.420	961.620	3.968	0.000
leste	961.620	961.960	8.085	1.000
alltid	961.960	962.320	5.991	0.491
avisa	962.320	962.810	6.346	0.578
i	964.780	964.830	0.706	0.000
fjor	964.830	965.200	5.769	0.760
leste	965.200	965.530	5.381	0.702
jeg	965.530	965.580	1.593	0.133
alltid	965.580	965.920	5.833	0.770
avisa	965.920	966.440	7.367	1.000
eline	968.380	968.740	9.175	1.000
kjøpte	968.740	969.010	2.394	0.000
ikke	969.010	969.190	2.674	0.041
bøkene	969.190	969.630	7.462	0.747
i	971.430	971.510	0.783	0.000
forgårs	971.510	972.010	11.013	1.000
kjøpte	972.010	972.290	1.515	0.071
ikke	972.290	972.460	1.244	0.045
eline	972.460	972.810	6.917	0.600
bøkene	972.810	973.270	4.801	0.393
jens	975.090	975.470	4.105	0.372
lærte	975.470	975.800	5.899	1.000
seg	975.800	975.950	3.376	0.117
engelsk	975.950	976.570	3.043	0.000
i	978.200	978.250	0.891	0.000
forfjor	978.250	978.810	11.507	1.000
lærte	978.810	979.240	10.180	0.875
jens	979.240	979.510	5.395	0.424
seg	979.510	979.660	1.972	0.102
engelsk	979.660	980.290	2.890	0.188
jeg	982.400	982.570	4.355	0.000
lekte	982.570	982.890	5.661	0.285
aldri	982.890	983.220	8.929	1.000
brannmann	983.220	983.700	7.066	0.593
som	985.690	985.920	2.751	0.113
ung	985.920	986.180	4.427	0.267
lekte	986.180	986.510	4.072	0.235
jeg	986.510	986.540	1.525	0.000
aldri	986.540	986.960	12.379	1.000
brannmann	986.960	987.410	7.651	0.564
johannes	989.550	990.030	9.113	1.000
gikk	990.030	990.200	2.322	0.000
ut	990.200	990.470	3.460	0.168
etter	990.470	990.660	3.335	0.149
jobb	990.660	990.980	6.884	0.672
på	992.650	992.790	1.431	0.000
fredag	992.790	993.250	9.938	1.000
gikk	993.250	993.450	2.345	0.107
johannes	993.450	993.940	4.785	0.394
ut	993.940	994.200	1.902	0.055
etter	994.200	994.400	2.324	0.105
jobb	994.400	994.700	4.904	0.408
eline	996.550	996.900	8.667	1.000
bakte	996.900	997.190	3.238	0.264
ikke	997.190	997.380	1.289	0.000
kakene	997.380	997.900	8.119	0.926
i	999.740	999.800	0.549	0.000
forfjor	999.800	1000.290	9.616	1.000
bakte	1000.290	1000.560	2.821	0.251
ikke	1000.560	1000.750	1.701	0.127
eline	1000.750	1001.060	6.487	0.655
kakene	1001.060	1001.560	7.078	0.720
siv	1003.550	1003.930	4.502	0.357
snudde	1003.930	1004.270	4.647	0.378
seg	1004.270	1004.390	2.010	0.000
ikke	1004.390	1004.540	2.641	0.090
mot	1004.540	1004.730	4.177	0.311
publikum	1004.730	1005.310	8.987	1.000
i	1006.710	1006.810	1.047	0.015
forgårs	1006.810	1007.320	11.237	1.000
så	1007.320	1007.430	0.894	0.000
snudde	1007.430	1007.730	3.147	0.218
ikke	1007.730	1007.910	2.097	0.116
siv	1007.910	1008.160	2.524	0.158
seg	1008.160	1008.290	1.571	0.066
mot	1008.290	1008.470	2.366	0.142
publikum	1008.470	1009.060	4.188	0.318
